gameids:

http://live.advancednflstats.com/weekly.php?gameid2=55850&week=1

var ids = []; var links = links = $$('.scoreboard'); for (var i=0; i < links.length; i++) { var l = links[i]; ids.push(l.onclick.toString().match(/gameid2=(\d+)/)[1]); }; console.log(ids.join(','))

55850,55837,55841,55842,55838,55840,55843,55844,55846,55847,55839,55845,55849,55848,55851,55852
55853,55854,55858,55860,55861,55862,55855,55856,55857,55859,55863,55864,55866,55865,55867,55868
55869,55871,55879,55876,55874,55877,55870,55873,55880,55875,55878,55872,55882,55881,55883,55884 
55885,55891,55888,55889,55893,55886,55887,55890,55892,55894,55895,55896,55897,55898,55899 
55900,55905,55901,55902,55906,55907,55908,55903,55904,55909,55910,55912,55911,55913 
55914,55919,55915,55916,55921,55917,55918,55920,55922,55923,55924,55926,55925,55927,55928 
55929,55932,55933,55937,55930,55935,55936,55938,55931,55939,55934,55941,55940,55942,55943
55944,55945,55946,55947,55948,55949,55950,55953,55952,55951,55954,55955,55956 
55957,55958,55959,55963,55960,55961,55962,55965,55964,55966,55967,55968,55969 
55970,55977,55978,55972,55975,55973,55971,55974,55976,55979,55980,55981,55982,55983 
55984,55985,55986,55987,55988,55989,55991,55992,55993,55990,55995,55997,55996,55994,55998 
55999,56005,56006,56000,56002,56004,56001,56003,56007,56010,56008,56009,56011,56012,56013 
56014,56015,56022,56025,56016,56017,56018,56020,56021,56024,56023,56026,56019,56027,56028 
56029,56031,56033,56036,56037,56038,56032,56043,56030,56035,56039,56040,56041,56042,56034,56044 
56045,56046,56060,56059,56055,56053,56058,56057,56056,56054,56052,56051,56050,56049,56048,56047
56061,56062,56063,56064,56065,56066,56067,56069,56070,56071,56072,56075,56073,56074,56068,56076
56077,56079,56081,56082,56083,56086,56087,56088,56089,56078,56084,56085,56090,56091,56092,56080 

playoffs
56158,56159,56160,56161 
56162,56163,56164,56165
56166,56167  